nx = 41
ny = 10
x= -2 -1.9 -1.8 -1.7 -1.6 -1.5 -1.4 -1.3 -1.2 -1.1 -1 -0.9 -0.8 -0.7 -0.6 -0.5 -0.4 -0.3 -0.2 -0.1 0 0.1 0.2 0.3 0.4 0.5 0.6 0.7 0.8 0.9 1 1.1 1.2 1.3 1.4 1.5 1.6 1.7 1.8 1.9 2 
y[-2] =-0.0502551 -0.0393229 -0.058742 -0.0317144 -0.0158799 -0.0411096 -0.0365172 -0.0400199 -0.031727 -0.0194876 
y[-1.9] =-0.957258 -0.20406 -1.54362 0.638676 -0.17063 -0.127511 -0.69971 0.17716 -1.81129 1.69593 
y[-1.8] =-0.732995 0.136905 -0.735327 1.43955 -1.43135 -0.877002 -3.32058 -0.392562 0.611844 -1.35075 
y[-1.7] =-5.17564 -1.59443 -1.64277 0.285566 -0.802293 0.601732 2.38602 1.77185 -2.67681 2.35939 
y[-1.6] =3.35865 0.234365 6.57547 -0.0274881 -0.0465264 0.525207 2.56162 -3.87652 -2.72311 -0.85538 
y[-1.5] =12.1789 5.16183 -3.94596 -4.62512 2.23428 -1.70248 -2.95953 -6.1009 7.64333 -3.72783 
y[-1.4] =-8.27756 -1.95516 -2.04724 -0.46219 -1.89587 -0.797231 -7.85571 0.701686 -8.5413 1.85018 
y[-1.3] =9.21637 0.900912 13.5565 2.96001 -0.295557 -4.29913 9.04242 -0.410669 -3.98236 0.416298 
y[-1.2] =-5.48429 -9.65772 0.410543 -6.49312 -7.02784 2.20685 -7.56084 1.29831 8.30832 -4.64665 
y[-1.1] =-6.75664 10.5924 10.3231 4.84304 3.29338 4.39578 13.9034 6.25354 -10.1034 -3.68562 
y[-1] =-6.78747 -6.56597 -13.8407 -4.78458 5.42518 6.57621 0.765112 -7.17573 1.64097 -7.50362 
y[-0.9] =-2.43411 1.27993 -5.77104 4.86829 3.43555 -23.0879 -6.56038 3.07824 4.06032 1.62746 
y[-0.8] =-6.45008 -6.8856 6.43988 1.15592 -17.2204 -13.6429 -5.80713 -1.67987 -1.32693 1.32465 
y[-0.7] =-8.52456 -5.8535 -5.52224 -12.4168 3.08096 -8.96973 11.4189 -15.181 -4.92888 3.87447 
y[-0.6] =-18.7033 -0.936625 -2.91551 -20.8695 -1.03023 1.02685 4.30662 -1.18023 -7.1711 -7.5167 
y[-0.5] =2.46661 1.58426 7.48861 -22.0189 -3.993 3.26314 -7.98318 -22.6012 -25.7123 -10.4091 
y[-0.4] =-5.30773 -4.68952 -5.72643 -11.1501 2.46639 -21.1853 -7.95111 7.93648 -0.86793 0.461232 
y[-0.3] =8.5361 -6.64826 -0.119115 -17.2025 9.10746 4.57227 -15.1495 0.750019 -14.9528 -9.05 
y[-0.2] =1.24956 -19.8009 -4.08016 -8.94474 -2.86355 8.20244 -0.724759 -10.025 -1.6919 -5.42297 
y[-0.1] =3.99777 -19.748 -2.89652 0.923053 -11.3668 6.92406 7.47577 5.58985 -9.63088 -16.2625 
y[0] =-5.77401 -7.63322 5.80512 11.3042 7.30807 2.47587 -7.01809 -0.0235147 -7.87154 3.65907 
y[0.1] =-3.11333 -0.41983 8.41226 -6.90984 10.742 1.65607 -8.54059 7.41824 25.2959 -1.83486 
y[0.2] =9.37174 25.2216 15.7288 9.49183 11.3341 10.7716 -14.7973 -3.31461 -0.606487 12.1662 
y[0.3] =17.7324 -0.370432 13.0987 14.4035 9.96328 16.3361 19.2268 8.12131 16.9092 20.9386 
y[0.4] =19.8026 13.9121 28.0832 20.9941 22.4977 23.2865 12.4982 30.2806 18.0154 5.41825 
y[0.5] =21.6607 25.8308 22.8594 19.9616 22.3142 26.481 26.5161 32.2618 29.8383 20.3434 
y[0.6] =17.2628 23.9684 28.0254 25.9478 30.31 24.2689 25.2744 28.0966 21.8452 23.178 
y[0.7] =24.0208 27.0845 28.795 22.7103 26.8507 18.8673 29.7956 26.4701 22.588 25.8761 
y[0.8] =19.9376 23.7513 24.1992 26.1139 21.2702 16.875 21.7165 20.6868 22.7525 20.9779 
y[0.9] =14.855 12.6024 17.7257 11.7592 15.166 18.2267 18.4044 18.4412 16.9727 18.1368 
y[1] =4.99677 6.8406 5.81839 5.69225 4.00333 6.25598 8.68964 5.92916 4.38057 5.84179 
y[1.1] =-6.68676 -6.74417 -7.14534 -6.48979 -6.36962 -6.97606 -7.14659 -7.19313 -6.77339 -7.00358 
y[1.2] =-20.985 -21.074 -20.2256 -20.1876 -21.2946 -20.4878 -19.8578 -21.4869 -19.5633 -20.8118 
y[1.3] =-34.2853 -34.7874 -34.2725 -34.6061 -33.7656 -35.7957 -34.8695 -36.3662 -35.5737 -35.5437 
y[1.4] =-49.7426 -48.7814 -48.9939 -49.5464 -49.6494 -50.1248 -47.8849 -47.2225 -48.0261 -52.0081 
y[1.5] =-56.9475 -60.4043 -61.8245 -61.2999 -57.6341 -52.5774 -58.6907 -58.6651 -58.795 -50.8706 
y[1.6] =-67.7428 -62.8149 -60.9341 -63.3957 -65.3463 -65.9538 -58.6936 -65.1434 -65.0156 -73.0087 
y[1.7] =-69.3104 -64.6503 -69.5877 -60.7532 -64.0837 -61.3778 -69.4587 -64.3957 -67.1472 -63.3168 
y[1.8] =-63.1966 -60.3364 -56.0171 -69.3915 -60.8021 -57.9899 -66.7408 -65.0741 -71.2095 -56.8306 
y[1.9] =-40.2197 -46.2367 -35.0851 -44.7992 -39.1594 -38.2091 -34.5504 -34.6298 -43.9907 -44.3883 
y[2] =-16.2016 -21.2825 -33.8737 -14.7304 -25.3698 -25.1998 -32.6054 -21.9441 -33.563 -22.4649 
